0.0 12.0 0.0 0.0 0.0 0.0 0.0 0.0 0.0 0.0 0.0 12.0 0.0 0.0 0.0 0.0 0.0 0.0 0.0 0.0 0.0 12.0
12.0 0.0 447.3 447.3 447.3 447.3 447.3 447.3 447.3 12.0 12.0 452.0 0.0 0.0 0.0 0.0 0.0 0.0 0.0 0.0 442.3 12.0
0.0 447.3 0.0 20070.0 1510.0 150.0 150.0 150.0 447.3 1834.0 200.0 200.0 1100.0 6550.0 18010.0 2160.0 400.0 968.3000000000001 3200.0 1100.0 442.3 442.3
0.0 447.3 20070.0 0.0 1860.0 680.0 150.0 290.0 447.3 1344.0 200.0 200.0 1100.0 7050.0 17410.0 2160.0 400.0 968.3000000000001 50.0 50.0 140.0 442.3
0.0 447.3 1510.0 1860.0 0.0 225.0 345.0 225.0 447.3 164.0 164.0 1240.0 0.0 968.3000000000001 968.3000000000001 968.3000000000001 968.3000000000001 968.3000000000001 968.3000000000001 968.3000000000001 442.3 442.3
0.0 447.3 150.0 680.0 225.0 0.0 150.0 290.0 447.3 124.0 124.0 904.0 0.0 0.0 0.0 0.0 0.0 0.0 0.0 0.0 140.0 442.3
0.0 447.3 150.0 150.0 345.0 150.0 0.0 150.0 447.3 14.0 14.0 464.0 0.0 0.0 0.0 0.0 0.0 0.0 0.0 0.0 442.3 442.3
0.0 447.3 150.0 290.0 225.0 290.0 150.0 0.0 447.3 12.0 12.0 784.0 0.0 0.0 0.0 0.0 0.0 0.0 0.0 0.0 140.0 442.3
0.0 447.3 447.3 447.3 447.3 447.3 447.3 447.3 0.0 12.0 12.0 354.0 0.0 0.0 0.0 0.0 0.0 0.0 0.0 0.0 442.3 442.3
0.0 12.0 1834.0 1344.0 164.0 124.0 14.0 12.0 12.0 0.0 2170.0 2584.0 220.0 300.0 420.0 540.0 300.0 50.0 650.0 50.0 12.0 442.3
0.0 12.0 200.0 200.0 164.0 124.0 14.0 12.0 12.0 2170.0 0.0 2584.0 220.0 300.0 420.0 540.0 300.0 50.0 650.0 50.0 12.0 442.3
12.0 452.0 200.0 200.0 1240.0 904.0 464.0 784.0 354.0 2584.0 2584.0 0.0 220.0 990.0 1430.0 1210.0 290.0 470.0 650.0 968.3000000000001 342.0 12.0
0.0 0.0 1100.0 1100.0 0.0 0.0 0.0 0.0 0.0 220.0 220.0 220.0 0.0 558.6 558.6 0.0 0.0 0.0 0.0 0.0 0.0 0.0
0.0 0.0 6550.0 7050.0 968.3000000000001 0.0 0.0 0.0 0.0 300.0 300.0 990.0 558.6 0.0 7050.0 300.0 150.0 968.3000000000001 50.0 50.0 0.0 0.0
0.0 0.0 18010.0 17410.0 968.3000000000001 0.0 0.0 0.0 0.0 420.0 420.0 1430.0 558.6 7050.0 0.0 2160.0 400.0 968.3000000000001 50.0 1100.0 0.0 0.0
0.0 0.0 2160.0 2160.0 968.3000000000001 0.0 0.0 0.0 0.0 540.0 540.0 1210.0 0.0 300.0 2160.0 0.0 400.0 968.3000000000001 50.0 50.0 0.0 0.0
0.0 0.0 400.0 400.0 968.3000000000001 0.0 0.0 0.0 0.0 300.0 300.0 290.0 0.0 150.0 400.0 400.0 0.0 968.3000000000001 50.0 50.0 0.0 0.0
0.0 0.0 968.3000000000001 968.3000000000001 968.3000000000001 0.0 0.0 0.0 0.0 50.0 50.0 470.0 0.0 968.3000000000001 968.3000000000001 968.3000000000001 968.3000000000001 0.0 968.3000000000001 968.3000000000001 0.0 0.0
0.0 0.0 3200.0 50.0 968.3000000000001 0.0 0.0 0.0 0.0 650.0 650.0 650.0 0.0 50.0 50.0 50.0 50.0 968.3000000000001 0.0 50.0 0.0 0.0
0.0 0.0 1100.0 50.0 968.3000000000001 0.0 0.0 0.0 0.0 50.0 50.0 968.3000000000001 0.0 50.0 1100.0 50.0 50.0 968.3000000000001 50.0 0.0 0.0 0.0
0.0 442.3 442.3 140.0 442.3 140.0 442.3 140.0 442.3 12.0 12.0 342.0 0.0 0.0 0.0 0.0 0.0 0.0 0.0 0.0 0.0 442.3
12.0 12.0 442.3 442.3 442.3 442.3 442.3 442.3 442.3 442.3 442.3 12.0 0.0 0.0 0.0 0.0 0.0 0.0 0.0 0.0 442.3 0.0

0.0 12.0 0.0 0.0 0.0 0.0 0.0 0.0 0.0 0.0 0.0 12.0 0.0 0.0 0.0 0.0 0.0 0.0 0.0 0.0 0.0 12.0
12.0 0.0 447.3 447.3 447.3 447.3 447.3 447.3 447.3 12.0 12.0 452.0 0.0 0.0 0.0 0.0 0.0 0.0 0.0 0.0 442.3 12.0
0.0 447.3 0.0 20070.0 1510.0 150.0 150.0 150.0 447.3 1834.0 200.0 200.0 1100.0 6550.0 18010.0 2160.0 400.0 968.3000000000001 3200.0 1100.0 442.3 442.3
0.0 447.3 20070.0 0.0 1860.0 680.0 150.0 290.0 447.3 1344.0 200.0 200.0 1100.0 7050.0 17410.0 2160.0 400.0 968.3000000000001 50.0 50.0 140.0 442.3
0.0 447.3 1510.0 1860.0 0.0 225.0 345.0 225.0 447.3 164.0 164.0 1240.0 0.0 968.3000000000001 968.3000000000001 968.3000000000001 968.3000000000001 968.3000000000001 968.3000000000001 968.3000000000001 442.3 442.3
0.0 447.3 150.0 680.0 225.0 0.0 150.0 290.0 447.3 124.0 124.0 904.0 0.0 0.0 0.0 0.0 0.0 0.0 0.0 0.0 140.0 442.3
0.0 447.3 150.0 150.0 345.0 150.0 0.0 150.0 447.3 14.0 14.0 464.0 0.0 0.0 0.0 0.0 0.0 0.0 0.0 0.0 442.3 442.3
0.0 447.3 150.0 290.0 225.0 290.0 150.0 0.0 447.3 12.0 12.0 784.0 0.0 0.0 0.0 0.0 0.0 0.0 0.0 0.0 140.0 442.3
0.0 447.3 447.3 447.3 447.3 447.3 447.3 447.3 0.0 12.0 12.0 354.0 0.0 0.0 0.0 0.0 0.0 0.0 0.0 0.0 442.3 442.3
0.0 12.0 1834.0 1344.0 164.0 124.0 14.0 12.0 12.0 0.0 2170.0 2584.0 220.0 300.0 420.0 540.0 300.0 50.0 650.0 50.0 12.0 442.3
0.0 12.0 200.0 200.0 164.0 124.0 14.0 12.0 12.0 2170.0 0.0 2584.0 220.0 300.0 420.0 540.0 300.0 50.0 650.0 50.0 12.0 442.3
12.0 452.0 200.0 200.0 1240.0 904.0 464.0 784.0 354.0 2584.0 2584.0 0.0 220.0 990.0 1430.0 1210.0 290.0 470.0 650.0 968.3000000000001 342.0 12.0
0.0 0.0 1100.0 1100.0 0.0 0.0 0.0 0.0 0.0 220.0 220.0 220.0 0.0 558.6 558.6 0.0 0.0 0.0 0.0 0.0 0.0 0.0
0.0 0.0 6550.0 7050.0 968.3000000000001 0.0 0.0 0.0 0.0 300.0 300.0 990.0 558.6 0.0 7050.0 300.0 150.0 968.3000000000001 50.0 50.0 0.0 0.0
0.0 0.0 18010.0 17410.0 968.3000000000001 0.0 0.0 0.0 0.0 420.0 420.0 1430.0 558.6 7050.0 0.0 2160.0 400.0 968.3000000000001 50.0 1100.0 0.0 0.0
0.0 0.0 2160.0 2160.0 968.3000000000001 0.0 0.0 0.0 0.0 540.0 540.0 1210.0 0.0 300.0 2160.0 0.0 400.0 968.3000000000001 50.0 50.0 0.0 0.0
0.0 0.0 400.0 400.0 968.3000000000001 0.0 0.0 0.0 0.0 300.0 300.0 290.0 0.0 150.0 400.0 400.0 0.0 968.3000000000001 50.0 50.0 0.0 0.0
0.0 0.0 968.3000000000001 968.3000000000001 968.3000000000001 0.0 0.0 0.0 0.0 50.0 50.0 470.0 0.0 968.3000000000001 968.3000000000001 968.3000000000001 968.3000000000001 0.0 968.3000000000001 968.3000000000001 0.0 0.0
0.0 0.0 3200.0 50.0 968.3000000000001 0.0 0.0 0.0 0.0 650.0 650.0 650.0 0.0 50.0 50.0 50.0 50.0 968.3000000000001 0.0 50.0 0.0 0.0
0.0 0.0 1100.0 50.0 968.3000000000001 0.0 0.0 0.0 0.0 50.0 50.0 968.3000000000001 0.0 50.0 1100.0 50.0 50.0 968.3000000000001 50.0 0.0 0.0 0.0
0.0 442.3 442.3 140.0 442.3 140.0 442.3 140.0 442.3 12.0 12.0 342.0 0.0 0.0 0.0 0.0 0.0 0.0 0.0 0.0 0.0 442.3
12.0 12.0 442.3 442.3 442.3 442.3 442.3 442.3 442.3 442.3 442.3 12.0 0.0 0.0 0.0 0.0 0.0 0.0 0.0 0.0 442.3 0.0